Without MR:
mean =  145.09372062432567
var =  58540.42494117432

With MR:
mean =  144.65812808295527
var =  60791.387503120895
